00 00 00 00 00 23 00 00 00 00 00 
00 00 23 29 33 35 33 29 23 00 00 
00 23 32 38 42 43 42 38 32 23 00 
00 29 38 45 48 50 48 45 38 29 00 
00 33 42 48 52 54 52 48 42 33 00 
23 35 43 50 54 55 54 50 43 35 23 
00 33 42 48 52 54 52 48 42 33 00 
00 29 38 45 48 50 48 45 38 29 00 
00 23 32 38 42 43 42 38 32 23 00 
00 00 23 29 33 35 33 29 23 00 00 
00 00 00 00 00 23 00 00 00 00 00 
