00 00 00 00 00 55 00 00 00 00 00 
00 00 55 62 65 67 65 62 55 00 00 
00 55 64 71 74 76 74 71 64 55 00 
00 62 71 77 81 82 81 77 71 62 00 
00 65 74 81 85 86 85 81 74 65 00 
55 67 76 82 86 87 86 82 76 67 55 
00 65 74 81 85 86 85 81 74 65 00 
00 62 71 77 81 82 81 77 71 62 00 
00 55 64 71 74 76 74 71 64 55 00 
00 00 55 62 65 67 65 62 55 00 00 
00 00 00 00 00 55 00 00 00 00 00 
