00 00 00 00 00 27 00 00 00 00 00 
00 00 27 34 38 39 38 34 27 00 00 
00 27 36 43 46 48 46 43 36 27 00 
00 34 43 49 53 54 53 49 43 34 00 
00 38 46 53 57 58 57 53 46 38 00 
27 39 48 54 58 59 58 54 48 39 27 
00 38 46 53 57 58 57 53 46 38 00 
00 34 43 49 53 54 53 49 43 34 00 
00 27 36 43 46 48 46 43 36 27 00 
00 00 27 34 38 39 38 34 27 00 00 
00 00 00 00 00 27 00 00 00 00 00 
