00 00 00 00 00 49 00 00 00 00 00 
00 00 49 55 59 60 59 55 49 00 00 
00 49 58 64 68 69 68 64 58 49 00 
00 55 64 70 74 76 74 70 64 55 00 
00 59 68 74 78 79 78 74 68 59 00 
49 60 69 76 79 81 79 76 69 60 49 
00 59 68 74 78 79 78 74 68 59 00 
00 55 64 70 74 76 74 70 64 55 00 
00 49 58 64 68 69 68 64 58 49 00 
00 00 49 55 59 60 59 55 49 00 00 
00 00 00 00 00 49 00 00 00 00 00 
