00 00 00 00 00 42 00 00 00 00 00 
00 00 42 49 53 54 53 49 42 00 00 
00 42 51 58 61 63 61 58 51 42 00 
00 49 58 64 68 69 68 64 58 49 00 
00 53 61 68 72 73 72 68 61 53 00 
42 54 63 69 73 74 73 69 63 54 42 
00 53 61 68 72 73 72 68 61 53 00 
00 49 58 64 68 69 68 64 58 49 00 
00 42 51 58 61 63 61 58 51 42 00 
00 00 42 49 53 54 53 49 42 00 00 
00 00 00 00 00 42 00 00 00 00 00 
