00 00 00 00 00 55 00 00 00 00 00 
00 00 55 61 65 66 65 61 55 00 00 
00 55 64 70 74 75 74 70 64 55 00 
00 61 70 76 80 81 80 76 70 61 00 
00 65 74 80 84 85 84 80 74 65 00 
55 66 75 81 85 86 85 81 75 66 55 
00 65 74 80 84 85 84 80 74 65 00 
00 61 70 76 80 81 80 76 70 61 00 
00 55 64 70 74 75 74 70 64 55 00 
00 00 55 61 65 66 65 61 55 00 00 
00 00 00 00 00 55 00 00 00 00 00 
